Module 4
global_timeout = 10

%---------------------------------------------
Problem 1

Testcases

Testcase 1: My demo (Chase)
Input:  [(17,3), (3,15), (27,19), (22,21) ,(18,25)]
Output: (87/5, 83/5)

Testcase 2: Fake
Input:  [(25,20),(10,47),(40,55)]
Output: (25,122/3)

Testcase 3: deSalvo
Input:  [(48,10), (8,13), (11,15), (8,17), (7,18), (9,18), (4,19), (8,19), (9,20), (20,10), (11,20), (23,29), (28,33)]
Output: (194/13, 241/13)

Testcase 4
Input: [(0,0)]
Output: (0,0)
%---------------------------------------------
Problem 2

Testcases

Testcase 1: My demo
Input:  (1,1), (3,2)
Output: 2.2360679775

Testcase 2
Input:  (3,2), (1,1)
Output: 2.2360679775

Testcase 3
Input:  (3,2), (3,2)
Output: 0.0
%---------------------------------------------
Problem 3

Testcases

Testcase 1: My demo
Input:  (1,1), (3,2)
Output: 3.0

Testcase 2
Input:  (3,2), (1,1)
Output: 3.0

Testcase 3
Input:  (3,2), (3,2)
Output: 0.0
%---------------------------------------------
Problem 4

Testcases

Testcase 1: My demo
Input:  [(0,0),(2,2)], (3,3), 1
Output: [[1.0, 1.5773502691896257, 1.414213562373095], [1.5773502691896257, 1.414213562373095, 1.5773502691896257], [1.414213562373095, 1.5773502691896257, 1.0]]

Testcase 2: Fake
Input:  [(25,20),(10,47),(40,55)], (60,60), 10
Output: [[0.38412226941500577, 0.38752841787097336, 0.3910337122982956, 0.39464332047858364, 0.39836280950948694, 0.4021981874036722, 0.40615595020852413, 0.41024313554587727, 0.4144673836462796, 0.41883700716751154, 0.42336107135292594, 0.42804948641540214, 0.4329131144453742, 0.4379638936603652, 0.44321498347049065, 0.44868093467213677, 0.45437789015826036, 0.4603238229274921, 0.46653881999460034, 0.4730454232042275, 0.47986904114328244, 0.47903044054866994, 0.47852208787170913, 0.47833195184488037, 0.47845115995213505, 0.47887374206513156, 0.47959645713931903, 0.4806186936498587, 0.48194243848905494, 0.48357231262645517, 0.485515675264787, 0.4877828018048507, 0.4903871449750997, 0.4933456933628846, 0.49667944779505785, 0.5004140442376099, 0.5045805631054223, 0.5092165805717934, 0.5143675399096708, 0.5200885536406099, 0.5264467960289674, 0.5335247196428514, 0.5414244451937447, 0.5502738582661382, 0.5602352493725584, 0.571517847069432, 0.5843964958377075, 0.5992403823705518, 0.5847369000243472, 0.5721998542376644, 0.561261269105249, 0.5516475351575184, 0.5431506957862702, 0.5356097828218145, 0.5288982979057629, 0.5229155882775154, 0.5136263756920638, 0.5049102747122614, 0.49670461823833945, 0.48895638864449226], [0.38752841787097336, 0.3910337122982956, 0.39464332047858364, 0.39836280950948694, 0.4021981874036722, 0.40615595020852413, 0.41024313554587727, 0.4144673836462796, 0.41883700716751154, 0.42336107135292594, 0.42804948641540214, 0.4329131144453742, 0.4379638936603652, 0.44321498347049065, 0.44868093467213677, 0.45437789015826036, 0.4603238229274921, 0.46653881999460034, 0.4730454232042275, 0.47986904114328244, 0.48703845064241746, 0.4860719981418339, 0.4854658504784508, 0.48520591150495845, 0.48528179273468985, 0.485686493289596, 0.4864161841882772, 0.487470084560132, 0.4888504227805832, 0.49056248027478155, 0.49261472028069286, 0.4950190086154457, 0.49779093889878867, 0.500950281295328, 0.5045215823599536, 0.5085349550219034, 0.5130271136181205, 0.5180427314656721, 0.52363623131382, 0.529874167861586, 0.5368384357768361, 0.5446306521958361, 0.5533782471236288, 0.5632430980133101, 0.5744340581295289, 0.5872256302920493, 0.601986689551554, 0.5733727871887301, 0.6023447712280424, 0.5879431070264386, 0.5755135703716491, 0.5646886409378677, 0.5551952128307285, 0.5468258873422716, 0.5394203158681415, 0.532852689822244, 0.5229155882775154, 0.5136263756920638, 0.5049102747122614, 0.49670461823833945], [0.3910337122982956, 0.39464332047858364, 0.39836280950948694, 0.4021981874036722, 0.40615595020852413, 0.41024313554587727, 0.4144673836462796, 0.41883700716751154, 0.42336107135292594, 0.42804948641540214, 0.4329131144453742, 0.4379638936603652, 0.44321498347049065, 0.44868093467213677, 0.45437789015826036, 0.4603238229274921, 0.46653881999460034, 0.4730454232042275, 0.47986904114328244, 0.48703845064241746, 0.49458641219890864, 0.49347386057219833, 0.4927558217750832, 0.49241569136826024, 0.49244124484241936, 0.49282423485783544, 0.49356012071040894, 0.4946479133190017, 0.4960901263458586, 0.4978928304348209, 0.5000658136254402, 0.5026228573746309, 0.5055821449356741, 0.5089668278958577, 0.5128057885221735, 0.517134651740464, 0.5219971233821532, 0.527446764360147, 0.5335493594175875, 0.5403861134500463, 0.5480580240284548, 0.5566919632576135, 0.5664493050154015, 0.5775384469870195, 0.590233478932801, 0.6049029006116509, 0.5762019216430719, 0.5523864507395716, 0.5765789941908215, 0.6056584873620271, 0.5913704788590572, 0.5790612480448591, 0.5683638324938691, 0.5590057458770555, 0.5507802792587526, 0.5435278539904851, 0.532852689822244, 0.5229155882775154, 0.5136263756920638, 0.5049102747122614], [0.39464332047858364, 0.39836280950948694, 0.4021981874036722, 0.40615595020852413, 0.41024313554587727, 0.4144673836462796, 0.41883700716751154, 0.42336107135292594, 0.42804948641540214, 0.4329131144453742, 0.4379638936603652, 0.44321498347049065, 0.44868093467213677, 0.45437789015826036, 0.4603238229274921, 0.46653881999460034, 0.4730454232042275, 0.47986904114328244, 0.48703845064241746, 0.49458641219890864, 0.5025504316958772, 0.5012702358321579, 0.5004237014620078, 0.4999911551125441, 0.4999581334914059, 0.5003148722632323, 0.5010559639885599, 0.5021801624961356, 0.5036903209732394, 0.5055934596965173, 0.5079009675287589, 0.5106289499456687, 0.5137987463716998, 0.5174376521625196, 0.5215798972763681, 0.5262679568824234, 0.5315543024824907, 0.5375037513340686, 0.5441966464963733, 0.5517332155844562, 0.5602396409308237, 0.5698766768480202, 0.5808521631210042, 0.5934396859348925, 0.6080072894691416, 0.5792097702838237, 0.5553026617996686, 0.5351804690623888, 0.5557001668735563, 0.5800063660234402, 0.6092061650352372, 0.5950456704150587, 0.5828717810911862, 0.5723182244103502, 0.5631132839993991, 0.5550511127590227, 0.5435278539904851, 0.532852689822244, 0.5229155882775154, 0.5136263756920638], [0.39836280950948694, 0.4021981874036722, 0.40615595020852413, 0.41024313554587727, 0.4144673836462796, 0.41883700716751154, 0.42336107135292594, 0.42804948641540214, 0.4329131144453742, 0.4379638936603652, 0.44321498347049065, 0.44868093467213677, 0.45437789015826036, 0.4603238229274921, 0.46653881999460034, 0.4730454232042275, 0.47986904114328244, 0.48703845064241746, 0.49458641219890864, 0.5025504316958772, 0.5109737120110756, 0.5095002725856866, 0.5085055691696189, 0.5079661435851535, 0.5078647825333571, 0.5081898626221304, 0.508934914048959, 0.5100983716427976, 0.5116834958467943, 0.5136984580671774, 0.5161565960167456, 0.5190768565258279, 0.5224844571725141, 0.5264118157522103, 0.5308998205227694, 0.5359995480183948, 0.5417745848343387, 0.5483041846187169, 0.5556876075009373, 0.5640501739771506, 0.5735518684040216, 0.5843998407942144, 0.5968670577675111, 0.6113210056031263, 0.5824159772859151, 0.5584070506571592, 0.5381883177031405, 0.520970215312601, 0.5386078408950075, 0.5592478445467663, 0.5836815575794416, 0.6130166980815642, 0.5990000623315398, 0.5869793192135297, 0.5765890579106203, 0.5675585295353033, 0.5550511127590227, 0.5435278539904851, 0.532852689822244, 0.5229155882775154], [0.4021981874036722, 0.40615595020852413, 0.41024313554587727, 0.4144673836462796, 0.41883700716751154, 0.42336107135292594, 0.42804948641540214, 0.4329131144453742, 0.4379638936603652, 0.44321498347049065, 0.44868093467213677, 0.45437789015826036, 0.4603238229274921, 0.46653881999460034, 0.4730454232042275, 0.47986904114328244, 0.48703845064241746, 0.49458641219890864, 0.5025504316958772, 0.5109737120110756, 0.5199063539800551, 0.5182090453485365, 0.5170427147088323, 0.5163791965904319, 0.5161978727158778, 0.5164848243190837, 0.5172322702763681, 0.5184382473996176, 0.5201065087367356, 0.5222466321670226, 0.5248743470642463, 0.5280121032435912, 0.5316899259063383, 0.535946625532764, 0.5408314664942369, 0.5464064484746847, 0.552749430154621, 0.5599584410012074, 0.5681577120994943, 0.5775062603205027, 0.5882103738405413, 0.6005422493235126, 0.6148686832763364, 0.5858433491185338, 0.5617207667911439, 0.541394524705232, 0.5240746041700918, 0.5091820725083911, 0.5245178929858112, 0.542283032451009, 0.5630583775930934, 0.5876359494959227, 0.6171242362039078, 0.6032708958318099, 0.591424564749434, 0.5812209215509663, 0.5675585295353033, 0.5550511127590227, 0.5435278539904851, 0.532852689822244], [0.40615595020852413, 0.41024313554587727, 0.4144673836462796, 0.41883700716751154, 0.42336107135292594, 0.42804948641540214, 0.4329131144453742, 0.4379638936603652, 0.44321498347049065, 0.44868093467213677, 0.45437789015826036, 0.4603238229274921, 0.46653881999460034, 0.4730454232042275, 0.47986904114328244, 0.48703845064241746, 0.49458641219890864, 0.5025504316958772, 0.5109737120110756, 0.5199063539800551, 0.5294068889831058, 0.5274487961032008, 0.5260826727693495, 0.5252744438395567, 0.5249992383761585, 0.5252402803701156, 0.5259881576697424, 0.5272404073703061, 0.529001383719846, 0.5312823977338046, 0.5341021393938681, 0.5374874164447568, 0.541474271603841, 0.546109576648365, 0.5514532534846792, 0.5575813486304632, 0.5645903046415535, 0.5726029576353984, 0.5817770938207728, 0.592317911962885, 0.6044966412399937, 0.6186792163226634, 0.5895185406745351, 0.5652684444643541, 0.5448218965378506, 0.5273883203040765, 0.5123882795104826, 0.49938765987751277, 0.5128572640643926, 0.5283284260321383, 0.54623742436749, 0.567165915715437, 0.5919067829961928, 0.621569481739812, 0.607902759472156, 0.5962564832252761, 0.5812209215509663, 0.5675585295353033, 0.5550511127590227, 0.5435278539904851], [0.41024313554587727, 0.4144673836462796, 0.41883700716751154, 0.42336107135292594, 0.42804948641540214, 0.4329131144453742, 0.4379638936603652, 0.44321498347049065, 0.44868093467213677, 0.45437789015826036, 0.4603238229274921, 0.46653881999460034, 0.4730454232042275, 0.47986904114328244, 0.48703845064241746, 0.49458641219890864, 0.5025504316958772, 0.5109737120110756, 0.5199063539800551, 0.5294068889831058, 0.5395442587487378, 0.5372805164039188, 0.5356805252339253, 0.5347027145550761, 0.5343168514937945, 0.5345025717268171, 0.5352484174640536, 0.5365512939899708, 0.5384162963673751, 0.5408568909466915, 0.5438954671143151, 0.547564307754118, 0.5519070671867834, 0.5569808995557564, 0.5628594587845912, 0.569637109651548, 0.5774348761112404, 0.5864089574611189, 0.596763157498789, 0.6087674747402638, 0.622786754445007, 0.5934729325910162, 0.569078977510681, 0.548497088093852, 0.5309359979772865, 0.5158156513431014, 0.5027013760114974, 0.49126129333967317, 0.5031981929238398, 0.5168116559808736, 0.5324359641544818, 0.5505082578677601, 0.5716111612513411, 0.5965386466365388, 0.6264014002156542, 0.6129495644821505, 0.5962564832252761, 0.5812209215509663, 0.5675585295353033, 0.5550511127590227], [0.4144673836462796, 0.41883700716751154, 0.42336107135292594, 0.42804948641540214, 0.4329131144453742, 0.4379638936603652, 0.44321498347049065, 0.44868093467213677, 0.45437789015826036, 0.4603238229274921, 0.46653881999460034, 0.4730454232042275, 0.47986904114328244, 0.48703845064241746, 0.49458641219890864, 0.5025504316958772, 0.5109737120110756, 0.5199063539800551, 0.5294068889831058, 0.5395442587487378, 0.55040040756969, 0.5477759878794621, 0.5459005581896454, 0.544722932888163, 0.5442060479057348, 0.5443249885877325, 0.5450657080470456, 0.5464243064611225, 0.5484068012168163, 0.5510293657478855, 0.5543190593069414, 0.5583151178563417, 0.5630709357060333, 0.5686569493230097, 0.575164755722625, 0.5827129862653686, 0.5914557624711134, 0.6015950759746312, 0.6133993383806098, 0.6272319999809111, 0.5977437660912863, 0.5731865156330247, 0.5524514800103331, 0.5347465310236137, 0.5194908428991027, 0.5062490536847075, 0.49468866517229193, 0.48455164752887747, 0.4952156852561542, 0.5073057310461834, 0.5210824894811438, 0.5368812096903859, 0.5551401215081062, 0.5764430797271833, 0.6015854516465333, 0.6316795103697821, 0.6129495644821505, 0.5962564832252761, 0.5812209215509663, 0.5675585295353033], [0.41883700716751154, 0.42336107135292594, 0.42804948641540214, 0.4329131144453742, 0.4379638936603652, 0.44321498347049065, 0.44868093467213677, 0.45437789015826036, 0.4603238229274921, 0.46653881999460034, 0.4730454232042275, 0.47986904114328244, 0.48703845064241746, 0.49458641219890864, 0.5025504316958772, 0.5109737120110756, 0.5199063539800551, 0.5294068889831058, 0.5395442587487378, 0.55040040756969, 0.5620737274839464, 0.5590204493554167, 0.5568183955336999, 0.5554038915403041, 0.554731069982101, 0.5547691842259632, 0.5555008775848014, 0.556921215273891, 0.559037375841633, 0.5618689695770661, 0.5654490164899122, 0.5698256872588566, 0.5750649999925679, 0.581254791872902, 0.588510476803787, 0.5969834085421905, 0.6068731861287593, 0.6184461433906043, 0.6320639184567532, 0.6023756297316324, 0.5776317611689288, 0.5567223135106032, 0.5388540691459571, 0.5234452348155838, 0.5100595867310346, 0.4983638567282933, 0.48809932520208754, 0.47906239046234333, 0.488659185651221, 0.4994865187564244, 0.5117509765820875, 0.5257143531214898, 0.5417131281662281, 0.5601869265181008, 0.5817211898813113, 0.6071130977176105, 0.6316795103697821, 0.6129495644821505, 0.5962564832252761, 0.5812209215509663], [0.42336107135292594, 0.42804948641540214, 0.4329131144453742, 0.4379638936603652, 0.44321498347049065, 0.44868093467213677, 0.45437789015826036, 0.4603238229274921, 0.46653881999460034, 0.4730454232042275, 0.47986904114328244, 0.48703845064241746, 0.49458641219890864, 0.5025504316958772, 0.5109737120110756, 0.5199063539800551, 0.5294068889831058, 0.5395442587487378, 0.55040040756969, 0.5620737274839464, 0.5746837140662449, 0.571116135138184, 0.5685237827060754, 0.5668265326276379, 0.5659670278605324, 0.5659069589791699, 0.5666246914528087, 0.5681139469653119, 0.5703833836341409, 0.5734570265836596, 0.5773755975289814, 0.5821988986261384, 0.5880095434257254, 0.5949185274733453, 0.6030734446924674, 0.6126706766671778, 0.6239737894616815, 0.6373420286108813, 0.6074224347416269, 0.5824636796447709, 0.5613541771509493, 0.5432993146818612, 0.5277160683158539, 0.5141671248533782, 0.5023182486447744, 0.4919098582484146, 0.4827375820183447, 0.4746386541012735, 0.48333322396261347, 0.4931044311871251, 0.5041183823967704, 0.5165828950579296, 0.5307611581314844, 0.5469912383203561, 0.5657145725891778, 0.5875186804197299, 0.6071130977176105, 0.6316795103697821, 0.6129495644821505, 0.5962564832252761], [0.42494509755791143, 0.42970690744328277, 0.4346501775263805, 0.439787611637872, 0.44513325699892664, 0.4507026986022589, 0.456513289881165, 0.4625844280781193, 0.46893788508188394, 0.47559820764301225, 0.4825932051065134, 0.48995454855856263, 0.497718513220035, 0.505926907001081, 0.5146282438259271, 0.5238792429120288, 0.5337467682103192, 0.5443103714194131, 0.555665676814388, 0.5679289625134214, 0.5812434784170379, 0.5766371371467788, 0.5731162621383745, 0.570572504969229, 0.568925850501028, 0.5681190589084604, 0.5681139469653119, 0.5688890161784892, 0.5704381350618015, 0.572770120420285, 0.5759091691154017, 0.579896188985022, 0.5847911841944913, 0.5906769878798374, 0.5976648346543475, 0.6059025791468093, 0.6155868877272748, 0.6269816381024331, 0.6404464174683719, 0.6106286417437183, 0.5857773957787555, 0.5647815489835679, 0.5468469923550714, 0.5313912598718553, 0.5179776578997053, 0.5062726405612554, 0.49601739637075815, 0.4870084155186149, 0.4966521088603352, 0.5075457542293891, 0.5198966111919143, 0.5339673651335758, 0.5500956271778468, 0.5687224212299294, 0.5904348914798268, 0.6160322683222292, 0.6402233080892028, 0.6211446550073395, 0.6041268789477571, 0.5887883180170015], [0.42669905880253106, 0.4315457886688898, 0.4365814046357806, 0.44181954086494196, 0.4472753267696402, 0.45296561220795495, 0.4589092365221179, 0.4651273520355569, 0.4716438157265312, 0.4784856669841698, 0.48568371505829244, 0.49327326768413093, 0.5012950433607349, 0.509796325350085, 0.5188324379020343, 0.5284686580561913, 0.538782725348336, 0.5498681862759696, 0.5618389263631445, 0.5748354277474798, 0.5890335939594088, 0.5832436054172285, 0.5786858594099323, 0.5752155800117646, 0.5727245360171569, 0.5711328384871699, 0.5703833836341409, 0.5704381350618015, 0.5712757529646332, 0.5728902775935437, 0.5752907118763255, 0.5785014546837547, 0.582563633439134, 0.5875374913754936, 0.5935061223341792, 0.6005810457144445, 0.608910427787561, 0.6186912765847654, 0.6301878451045245, 0.6437601336023566, 0.6140560135763371, 0.5893250734519657, 0.5684567405395694, 0.5506575254013985, 0.5353456517883364, 0.5220851960220488, 0.5105434740615256, 0.5004626419066622, 0.5112209457853905, 0.5234442888651245, 0.5373947369661944, 0.5534093433118314, 0.5719286282320208, 0.5935392803373174, 0.6190401169629809, 0.649547569818858, 0.6300638256119584, 0.6126706766671778, 0.5969834085421905, 0.5827129862653686], [0.4286295776087929, 0.43357355599502884, 0.43871515200745126, 0.4440691197675488, 0.44965189607397027, 0.45548186468949925, 0.4615796743623467, 0.4679686241705298, 0.4746751339378427, 0.4817293231418114, 0.48916572956178733, 0.49702420986046486, 0.5053510798141808, 0.5142005742616882, 0.523636739580349, 0.5337359203383415, 0.5445900761218415, 0.5563112802920674, 0.5690379372090613, 0.5829435578091319, 0.5982494474300588, 0.5910823162225625, 0.5853429232906185, 0.5808378904578603, 0.5774225679979066, 0.5749888607428374, 0.5734570265836596, 0.572770120420285, 0.5728902775935437, 0.5737963444206738, 0.5754825631618967, 0.5779581563304375, 0.5812477618647569, 0.5853927678934758, 0.5904537024355905, 0.596513970974931, 0.6036854345719351, 0.6121166347896524, 0.6220049927187501, 0.6336152169371432, 0.6473078112755668, 0.6177312051323385, 0.5931356064982928, 0.5724111324560505, 0.554765063523742, 0.5396164852886065, 0.5265304415579529, 0.5151753377018715, 0.5272548219114515, 0.5410699285221958, 0.5569570209850416, 0.5753560000646396, 0.5968529964713021, 0.6222463239650724, 0.6526519586763487, 0.6398264258055335, 0.6219949383968331, 0.6059025791468093, 0.5912567839847893, 0.577832200176737], [0.430744421540687, 0.43579894094735433, 0.4410612711267971, 0.4465475072164796, 0.45227565768740774, 0.458265958228362, 0.46454125233791116, 0.4711274562646326, 0.47805413158581, 0.4853551965154603, 0.4930698179439838, 0.5012435416918373, 0.5099297407614181, 0.5191914940444449, 0.5291040566979954, 0.5397581576459993, 0.5512644752820729, 0.5637598270549332, 0.5774159117380548, 0.5924519568916403, 0.6091535265374346, 0.6003487653034488, 0.5932343472704903, 0.5875499112767606, 0.5831022151835408, 0.5797467560943963, 0.5773755975289814, 0.5759091691154017, 0.5752907118763255, 0.5754825631618967, 0.5764637888747858, 0.5782288703428988, 0.5807872907847793, 0.5841639729248539, 0.5884006165342275, 0.5935580912930811, 0.5997201779770224, 0.6069991507059198, 0.615544006622271, 0.6255526703919602, 0.6372904084931447, 0.6511183443218939, 0.6216855970488195, 0.5972431446206363, 0.5766819659563206, 0.5592103090596461, 0.5442483489289525, 0.5313623600337951, 0.5450243204386769, 0.5607675540313687, 0.579031191620641, 0.6004006741445123, 0.625673695797691, 0.6559656748103334, 0.6430326328076248, 0.6322332258878941, 0.6156651793403844, 0.6005810457144445, 0.5867513707813559, 0.5739955420723648], [0.4330526337663521, 0.4382321366724552, 0.44363129615638264, 0.4492678090466561, 0.4551615693708714, 0.4613350453358197, 0.4678137401306479, 0.47462675975319135, 0.48180751884225015, 0.4893946263879824, 0.4974330086455102, 0.505975348844937, 0.5150839559221013, 0.5248332231977253, 0.5353129121100952, 0.5466326116417268, 0.558927908579091, 0.5723691067280603, 0.5871738467375123, 0.6036258804663575, 0.6221039061870555, 0.6113055575853624, 0.6025557532895909, 0.5954986719961708, 0.5898740993732502, 0.5854889519696848, 0.5821988986261384, 0.579896188985022, 0.5785014546837547, 0.5779581563304375, 0.5782288703428988, 0.5792929233291276, 0.5811450814029958, 0.5837951394255311, 0.5872683617823445, 0.591606823536319, 0.5968718074270658, 0.603147549809641, 0.6105468283791299, 0.6192191981782725, 0.6293632034382872, 0.6412448004096257, 0.6552258824442374, 0.6259564305490897, 0.6016883901565404, 0.5813138295966667, 0.5640422275354883, 0.549295153938947, 0.5648750921537122, 0.582985583537122, 0.6042112071908393, 0.6293488873536924, 0.6595133524835435, 0.6464600046402436, 0.6355469420218788, 0.6264212966126006, 0.6108193332055056, 0.596513970974931, 0.58331980380202, 0.5710881060705277], [0.43556469221834326, 0.4408849889753804, 0.44643867459231423, 0.4522453583107744, 0.458327196695068, 0.46470935127315727, 0.4714205527510999, 0.47849380270826547, 0.4859672545553637, 0.49388533097230014, 0.5023001572889356, 0.5112734228757743, 0.5208788312812442, 0.5312053739877517, 0.5423617781414567, 0.5544826630431869, 0.5677372430877142, 0.5823419282616701, 0.5985790754563629, 0.6168257960329273, 0.5917463542245562, 0.6243108941731974, 0.6135698823110429, 0.6048799413860805, 0.5978854087823149, 0.5923262419049924, 0.5880095434257254, 0.5847911841944913, 0.582563633439134, 0.5812477618647569, 0.5807872907847793, 0.5811450814029958, 0.5823007719698794, 0.5842494702604866, 0.5870013464276225, 0.5905820779163292, 0.5950341953689376, 0.600419485100276, 0.6068227413656424, 0.6143573614254569, 0.6231735900947536, 0.6334707415606309, 0.6455156339098959, 0.6596711279801415, 0.6305882941894356, 0.6065203086323826, 0.5863606346066612, 0.5693203376896163, 0.5872564170373922, 0.6083187453131829, 0.6333032792701735, 0.6633238855298706, 0.6501351961962449, 0.6390946196950889, 0.6298486684452193, 0.6221410594332377, 0.6072700882471471, 0.5935580912930811, 0.5808507062641028, 0.5690220641975359], [0.43829270340702753, 0.4437712301382023, 0.4494990511297722, 0.45549806224072614, 0.4617931402130603, 0.4684127041103482, 0.4753894138507748, 0.48276104755327226, 0.49057161483831546, 0.49887278545631697, 0.5077257452025641, 0.5172036397252429, 0.5273948409414246, 0.5384073862249756, 0.5503751249208434, 0.5634664095874441, 0.577896682725766, 0.593947211816017, 0.6119938775570852, 0.5866995492145617, 0.5663281563495963, 0.5940106789502367, 0.6266350822696871, 0.615956619097187, 0.6073320839178227, 0.6004060002383554, 0.5949185274733453, 0.5906769878798374, 0.5875374913754936, 0.5853927678934758, 0.5841639729248539, 0.5837951394255311, 0.5842494702604866, 0.5855069789719708, 0.5875631863944712, 0.5904287182602412, 0.5941297555895393, 0.598709386924939, 0.604230018146603, 0.6107771332821235, 0.6184648995478006, 0.6274444235950237, 0.637915987096535, 0.6501474975502419, 0.6645030464559837, 0.6356350991994302, 0.6117984187865106, 0.5918882806777382, 0.612763990849087, 0.6375741127704437, 0.6674314236522141, 0.654089588112726, 0.6429051527414159, 0.6335238600012207, 0.6256887371064479, 0.6192118741368405, 0.6048798175208133, 0.591606823536319, 0.579260351688597, 0.5677308150983316], [0.44125063868216163, 0.4469067655614193, 0.4528306177866142, 0.45904683303205807, 0.46558356965600634, 0.47247320279067784, 0.4797531989125206, 0.4874672259808248, 0.4956665784542255, 0.5044120290685794, 0.5137762678926241, 0.5238471632682146, 0.5347321946689743, 0.5465645918745163, 0.559512017670963, 0.5737891446034223, 0.5896763783157468, 0.6075486320211811, 0.5820676855742157, 0.5614962378737541, 0.5447362143574677, 0.568652344446086, 0.5963974157363808, 0.6290872248014292, 0.6184772105532276, 0.6099243694861756, 0.6030734446924674, 0.5976648346543475, 0.5935061223341792, 0.5904537024355905, 0.5884006165342275, 0.5872683617823445, 0.5870013464276225, 0.5875631863944712, 0.5889343508045894, 0.5911108640676813, 0.5941039098162426, 0.5979402886358663, 0.6026637788414201, 0.6083375562689466, 0.6150479667823936, 0.6229101450837047, 0.6320762872353698, 0.642747905572377, 0.6551943025602365, 0.6697811566101117, 0.6411627452705073, 0.6175959093249291, 0.6422059764107897, 0.6718766691881182, 0.6583604216129961, 0.6470126908637595, 0.6374782519177018, 0.629499270152775, 0.622887065692842, 0.6175040663177024, 0.6035486094260124, 0.5905820779163292, 0.5784869323705477, 0.5671648890430602], [0.4444546230296771, 0.45031002633057354, 0.4564545474637052, 0.4629161252018944, 0.4697268956096756, 0.4769240644581787, 0.48455101492072783, 0.4926587298134738, 0.5013076402110888, 0.5105700608905328, 0.5205334471342299, 0.5313048228363555, 0.5430169142013062, 0.5558368261149617, 0.5699786115570953, 0.5857219863992658, 0.6034410938988375, 0.5777968520739455, 0.55705099233785, 0.5401043507171216, 0.5261742633491917, 0.5471229511436118, 0.5711044869778281, 0.5989180071924214, 0.6316795103697821, 0.6211446550073395, 0.6126706766671778, 0.6059025791468093, 0.6005810457144445, 0.596513970974931, 0.5935580912930811, 0.591606823536319, 0.5905820779163292, 0.5904287182602412, 0.5911108640676813, 0.5926095423605908, 0.5949213971140084, 0.5980583017327237, 0.6020478267582099, 0.6069346123416903, 0.6127828018048507, 0.6196798304227397, 0.6277420635595468, 0.6371230922453643, 0.6480260157265052, 0.6607219486313135, 0.6755786471485302, 0.6472527814207842, 0.6767085876639605, 0.6629922852533422, 0.6514579363996637, 0.6417490854179719, 0.6336068082751185, 0.6268414576093231, 0.6213145993640294, 0.6169272771609314, 0.6032063267132182, 0.5904287182602412, 0.5784866152707924, 0.5672890887359784], [0.44792328954442956, 0.454002404931963, 0.46039553374585374, 0.46713461004132273, 0.47425662000406676, 0.4818047077397256, 0.48982959535913195, 0.4983914291509918, 0.507562212249781, 0.5174290582767391, 0.5280986158342641, 0.5397031980673215, 0.5524094542823429, 0.5664309338838852, 0.5820467948432643, 0.5996305608525105, 0.5738424601574644, 0.5529434542155065, 0.5358335172168515, 0.5217290178132876, 0.5100574704758977, 0.5286264058809338, 0.5496435425996523, 0.573696772546181, 0.6015854516465333, 0.6344258175507844, 0.6239737894616815, 0.6155868877272748, 0.608910427787561, 0.6036854345719351, 0.5997201779770224, 0.5968718074270658, 0.5950341953689376, 0.5941297555895393, 0.5941039098162426, 0.5949213971140084, 0.5965639342770719, 0.5990289352363519, 0.6023291352329938, 0.6064930722941141, 0.6115664759820363, 0.6176147202806929, 0.6247266354327342, 0.6330201737136749, 0.6426507383164414, 0.6538235062649236, 0.6668119847815904, 0.6819866978180884, 0.6680390902633367, 0.6562898548755058, 0.6463809490583179, 0.6380520538110226, 0.6311122911095932, 0.625422137486373, 0.6208816690774125, 0.6174229411539138, 0.6038073859951602, 0.5911108640676813, 0.5792308746256718, 0.5680805338764238], [0.4516782168354734, 0.45800879695970975, 0.46468246750958053, 0.47173602854802615, 0.4792124221713726, 0.48716215090502, 0.4956451219699896, 0.5047330777954391, 0.5145128472166423, 0.5250907671935124, 0.5365988092098308, 0.5492032472802515, 0.5631172177499005, 0.5786194230106456, 0.5960828831793004, 0.570167268601463, 0.5491329211691794, 0.5318791253003704, 0.517621479690944, 0.5057866369756275, 0.49594653837924063, 0.5125780619319382, 0.5312186914492867, 0.5523109870537642, 0.5764430797271833, 0.6044145861008752, 0.6373420286108813, 0.6269816381024331, 0.6186912765847654, 0.6121166347896524, 0.6069991507059198, 0.603147549809641, 0.600419485100276, 0.598709386924939, 0.5979402886358663, 0.5980583017327237, 0.5990289352363519, 0.600834767777342, 0.603474180772256, 0.6069609988733398, 0.6113249907699563, 0.6166132809920308, 0.6228928304348209, 0.6302542815038112, 0.6388176642520933, 0.6487407744667183, 0.6602315569344819, 0.6735667363344138, 0.6615679650296338, 0.6514277540683124, 0.6428839722868648, 0.6357441547499392, 0.6298673830222771, 0.6251525025776826, 0.6215304792762574, 0.6189596215462105, 0.6053274785083769, 0.5926095423605908, 0.5807047826733127, 0.5695273984467542], [0.45574447223402925, 0.46235827941309093, 0.4693492917618821, 0.4767602796396305, 0.48464155944897935, 0.4930528364016367, 0.5020656333413271, 0.51176654003564, 0.5222616327391705, 0.533682598149734, 0.5461953986394998, 0.5600128288924099, 0.5754132160085541, 0.5927691670453157, 0.5667398967688444, 0.5455852434959694, 0.528203933744369, 0.513810946644617, 0.5018322450591465, 0.49183900025689703, 0.4835050507048573, 0.4985388239475936, 0.5152455063860502, 0.533964998630289, 0.5551401215081062, 0.5793592907872802, 0.6074224347416269, 0.6404464174683719, 0.6301878451045245, 0.6220049927187501, 0.615544006622271, 0.6105468283791299, 0.6068227413656424, 0.604230018146603, 0.6026637788414201, 0.6020478267582099, 0.6023291352329938, 0.603474180772256, 0.6054666314176881, 0.6083060992480982, 0.6120078038833343, 0.6166031009240842, 0.6221409270631079, 0.6286903209732394, 0.6363443176540882, 0.6452257149216516, 0.6554955260195416, 0.6673654555680524, 0.6569554001393896, 0.6481620824409928, 0.6407909597599337, 0.6346993014981193, 0.6297843662180287, 0.6259757248121615, 0.6232304550464808, 0.6215304792762574, 0.6077617779116413, 0.5949213971140084, 0.5829060661816732, 0.5716282115496338], [0.4601512914269489, 0.4670849670362016, 0.4744360915431408, 0.48225482266283537, 0.4906006938698945, 0.49954504188528664, 0.509174254467287, 0.5195941882850585, 0.5309362909687316, 0.5433662641851579, 0.5570966178323129, 0.5724053673678025, 0.589664778187825, 0.563533689766753, 0.5422715273619847, 0.5247765619117504, 0.5102632689714068, 0.4981570535031451, 0.48802846721056997, 0.4795506587883762, 0.4724710242963029, 0.4861724951589692, 0.5012851311285957, 0.518074640840392, 0.5368812096903859, 0.5581479701488579, 0.5824636796447709, 0.6106286417437183, 0.6437601336023566, 0.6336152169371432, 0.6255526703919602, 0.6192191981782725, 0.6143573614254569, 0.6107771332821235, 0.6083375562689466, 0.6069346123416903, 0.6064930722941141, 0.6069609988733398, 0.6083060992480982, 0.6105134364276826, 0.6135842094022262, 0.6175354499544115, 0.6224005914625028, 0.6282309632133849, 0.6350983716427976, 0.6430990692069116, 0.6523596135552221, 0.6630454362896665, 0.6539595729794113, 0.6463186058310109, 0.6399774116522473, 0.6348311712280232, 0.6308076432880036, 0.6278623186868268, 0.6259757248121615, 0.6251525025776826, 0.6111243978818889, 0.5980583017327237, 0.5858448259903295, 0.5743916521245984], [0.46493293598827373, 0.4722291035569989, 0.47999049793715487, 0.4882765057734049, 0.49715830509914255, 0.506722111935545, 0.517073596829018, 0.5283440054003787, 0.5406988197310459, 0.5543503106513107, 0.5695762329134606, 0.586748567127728, 0.5605258411260012, 0.5391671385044939, 0.5215703549096589, 0.5069495528374222, 0.49472968167052633, 0.48448078953735985, 0.47587546723237484, 0.46866049124997583, 0.4626374366160586, 0.4752173314773051, 0.4890016296133111, 0.5042013421886927, 0.5210824894811438, 0.5399855985478765, 0.5613541771509493, 0.5857773957787555, 0.6140560135763371, 0.6473078112755668, 0.6372904084931447, 0.6293632034382872, 0.6231735900947536, 0.6184648995478006, 0.6150479667823936, 0.6127828018048507, 0.6115664759820363, 0.6113249907699563, 0.6120078038833343, 0.6135842094022262, 0.6160410824987597, 0.6193816999406447, 0.6236254861046884, 0.628808642132061, 0.6349857147662082, 0.6422322702763681, 0.6506489794770364, 0.6603676236489695, 0.6524086419812878, 0.6457749021906658, 0.6403588172991003, 0.6360857534421317, 0.6329091236968214, 0.6308076432880036, 0.6297843662180287, 0.6298673830222771, 0.6154490263987651, 0.60204782675821, 0.5895438876756489, 0.577836815896582], [0.47012978568360886, 0.47783846688922693, 0.4860695177872629, 0.49489398037346205, 0.5043979238390552, 0.5146868600428739, 0.5258918628686367, 0.5381782282750054, 0.5517580250829578, 0.5669087884593487, 0.5840022599467258, 0.5576967066716594, 0.536250927444397, 0.5185625062689072, 0.5038451639799315, 0.49152347466843493, 0.48116707340337517, 0.4724480953997562, 0.46511281357676576, 0.4589622450600571, 0.45383858920782044, 0.46546657107040046, 0.47813354253740203, 0.4920094782540628, 0.5073057310461835, 0.5242886964832352, 0.5432993146818612, 0.5647815489835679, 0.5893250734519657, 0.6177312051323385, 0.6511183443218939, 0.6412448004096257, 0.6334707415606309, 0.6274444235950237, 0.6229101450837047, 0.6196798304227397, 0.6176147202806929, 0.6166132809920308, 0.6166031009240842, 0.6175354499544115, 0.6193816999406447, 0.6221311186490366, 0.625789750610203, 0.6303802376575118, 0.6359425407656314, 0.642535625036333, 0.6502402803701156, 0.6591633935341111, 0.652182952860224, 0.6464488534493772, 0.6418832439805502, 0.6384367697678983, 0.6360857534421317, 0.6348311712280232, 0.6346993014981193, 0.6357441547499392, 0.6207908118985982, 0.6069346123416903, 0.5940398166644625, 0.581993977405524], [0.464591900991504, 0.47187473726833595, 0.47962205815976294, 0.4878931962484291, 0.49675927060636527, 0.5063064328597225, 0.5166402831234078, 0.5278919898688271, 0.540226950538159, 0.5538573429563478, 0.5690608195072765, 0.5862092479328678, 0.5599610313973399, 0.5385751155408867, 0.5209492430550513, 0.5062973065116736, 0.4940440661244755, 0.4837593589717281, 0.4751155398538681, 0.467859120757768, 0.461791379514399, 0.474323009491075, 0.48805508633758177, 0.5031981929238398, 0.520017862982965, 0.5388540691459571, 0.560149685343222, 0.5844931549761235, 0.6126844001223439, 0.6458402341677658, 0.6357171543385486, 0.6276732510222123, 0.6213543874447468, 0.6165020944141464, 0.6129250788699163, 0.6104808216471225, 0.6090633707219061, 0.6085950908303368, 0.6090210358973367, 0.6103051288169659, 0.612427642470119, 0.6153836692158344, 0.6191823940229424, 0.6238470781200945, 0.6294157338705617, 0.6359425407656315, 0.643500128823283, 0.652182952860224, 0.6464488534493772, 0.6418832439805502, 0.6384367697678983, 0.6360857534421317, 0.6348311712280232, 0.6346993014981193, 0.6357441547499392, 0.6380520538110226, 0.6225978770525185, 0.6083375562689466, 0.5951138685712953, 0.5827983799085484], [0.4594685288737769, 0.46637549226204, 0.4736984157295022, 0.48148734839266616, 0.4898017052690964, 0.4987126936868992, 0.508306559859913, 0.5186890053865614, 0.5299913077422171, 0.5423789815860869, 0.5560643309424897, 0.571325144232957, 0.5885334360293575, 0.562347768183484, 0.5410272580726287, 0.5234698345110919, 0.5088895920800265, 0.4967115105785874, 0.48650566615273033, 0.47794467430820997, 0.4707753318178649, 0.4843798947815804, 0.49938765987751277, 0.516063471066484, 0.5347465310236137, 0.5558788518429518, 0.5800479094402194, 0.6080525364819979, 0.6410083156919236, 0.630670349328554, 0.6223951408680843, 0.6158267413736698, 0.6107046038757279, 0.6068350427196394, 0.6040727709775642, 0.6023086191690827, 0.6014611921967663, 0.6014711256272119, 0.6022971187232183, 0.6039132284130443, 0.6063070980921555, 0.6094789178440247, 0.6134409967257259, 0.6182178902359925, 0.6238470781200945, 0.6303802376575118, 0.6378852132557399, 0.6464488534493772, 0.6418832439805502, 0.6384367697678983, 0.6360857534421317, 0.6348311712280232, 0.6346993014981193, 0.6357441547499392, 0.6380520538110226, 0.6417490854179719, 0.625598798181371, 0.6107771332821235, 0.5970961195130325, 0.5844047251019909], [0.4547185930025885, 0.46129220733494314, 0.4682407824949433, 0.47560692475016947, 0.4834407714732001, 0.49180183226928686, 0.5007614159500529, 0.5104058777333031, 0.5208410364344893, 0.5321982957283591, 0.5446433063117674, 0.5583885190389795, 0.5737118810191011, 0.5909855785610996, 0.5648683596395245, 0.5436195436409818, 0.5261372789652038, 0.5116358992610288, 0.49954064503292933, 0.48942187721282726, 0.4809525229489617, 0.49583998220430264, 0.5123882795104826, 0.5309359979772865, 0.5519244599264708, 0.5759403713178759, 0.6037817029817277, 0.6365630701560195, 0.6260384856882081, 0.6175632223922422, 0.6107799363636752, 0.6054264937215998, 0.6013073966485623, 0.5982752804391457, 0.5962185830188058, 0.5950531415272081, 0.5947163740743885, 0.595163220089648, 0.5963633181429195, 0.598299087998408, 0.60096450378695, 0.6043644256020471, 0.6085144140570748, 0.613440996725726, 0.6191823940229424, 0.625789750610203, 0.633328962283606, 0.6418832439805502, 0.6384367697678983, 0.6360857534421317, 0.6348311712280232, 0.6346993014981193, 0.6357441547499392, 0.6380520538110226, 0.6417490854179719, 0.6470126908637595, 0.6299283416475769, 0.6143573614254569, 0.6000679898128191, 0.5868775357971473], [0.45030712719059696, 0.4565838832354917, 0.46320071635561044, 0.4701942055754772, 0.47760705175036, 0.4854894937363537, 0.49390115014267694, 0.5029134469979807, 0.5126128657194451, 0.5231053611601698, 0.5345224838248488, 0.5470300430979115, 0.5608406615707215, 0.5762324724751416, 0.5935778641294526, 0.5675358040936365, 0.546365850821984, 0.5289664134195458, 0.5145521103211257, 0.502548493673681, 0.49252626607031796, 0.508960907677864, 0.5273883203040765, 0.5482492683704694, 0.5721298382715488, 0.5998273110652467, 0.632455532033676, 0.621767652187938, 0.613117976856338, 0.6061480727233292, 0.6005945752457577, 0.5962605916385677, 0.5929971702850176, 0.5906909369477287, 0.5892556509887896, 0.5886263379241116, 0.5887551694200897, 0.5896085665900961, 0.5911651893648375, 0.5934145935168254, 0.5963564155082997, 0.6000000000000001, 0.6043644256020472, 0.6094789178440247, 0.6153836692158344, 0.6221311186490366, 0.6297877813350132, 0.6384367697678983, 0.6360857534421317, 0.6348311712280232, 0.6346993014981193, 0.6357441547499392, 0.6380520538110226, 0.6417490854179719, 0.6470126908637595, 0.654089588112726, 0.6357712541078455, 0.6192191981782725, 0.6041387777095717, 0.5903027621065406], [0.4462041789455137, 0.45221563621126426, 0.45853730631602563, 0.4652008433558009, 0.47224292783863075, 0.47970636962375, 0.4876415247842816, 0.49610813812881893, 0.5051777717236612, 0.5149370538159348, 0.5254920979463139, 0.5369746263565909, 0.549550634553952, 0.5634329471390745, 0.5788999169292536, 0.5963241713104548, 0.5703649385479783, 0.549282061882081, 0.5319742620602974, 0.5176564991786163, 0.5057547006757724, 0.5240746041700918, 0.5448218965378506, 0.5685821605983387, 0.5961521195092453, 0.6286449989873489, 0.6178132602714569, 0.6090104387339944, 0.601877239223059, 0.5961493297098536, 0.5916287279982217, 0.5881652518091754, 0.5856441319377341, 0.5839775408346616, 0.5830986918530345, 0.5829576788816712, 0.5835185304398192, 0.5847571386952795, 0.5866598419640019, 0.5892225168747292, 0.5924500897298752, 0.5963564155082997, 0.60096450378695, 0.6063070980921555, 0.612427642470119, 0.6193816999406447, 0.6272389261333291, 0.6360857534421317, 0.6348311712280232, 0.6346993014981193, 0.6357441547499392, 0.6380520538110226, 0.6417490854179719, 0.6470126908637595, 0.654089588112726, 0.6633238855298705, 0.6433804446434216, 0.6255526703919603, 0.6094539704719941, 0.5947936094979431], [0.44238394765635053, 0.4481576020260476, 0.45421576321145474, 0.46058602857917924, 0.467300161229191, 0.4743949588865587, 0.481913357609892, 0.4899058495099621, 0.4984323262253086, 0.5075645085098053, 0.5173891963476769, 0.5280126894023545, 0.5395669119249439, 0.552218079008064, 0.5661792543200768, 0.5817290513835955, 0.5992403823705518, 0.5733727871887301, 0.5523864507395716, 0.5351804690623888, 0.520970215312601, 0.5416156895357591, 0.565268444464354, 0.5927247476766266, 0.6250973213141388, 0.6141380687154554, 0.6051999056876673, 0.597922847306578, 0.59204179158751, 0.5873578944979516, 0.5837200062732714, 0.5810122682973882, 0.5791456223588194, 0.57805188684304, 0.5776795687275431, 0.5779908843687421, 0.5789596481568609, 0.580569805813725, 0.582814466205171, 0.5856953381770519, 0.5892225168747292, 0.5934145935168254, 0.598299087998408, 0.6039132284130443, 0.6103051288169659, 0.6175354499544115, 0.6256796720477632, 0.6348311712280232, 0.6346993014981193, 0.6357441547499392, 0.6380520538110226, 0.6417490854179719, 0.6470126908637595, 0.654089588112726, 0.6633238855298705, 0.6293488873536925, 0.6531053018139853, 0.6336152169371432, 0.6162075021803316, 0.6004989525682984], [0.4388241004853869, 0.44438407465654106, 0.4502063242892012, 0.4563150810848448, 0.4627380596271071, 0.469507149215333, 0.4766592836122392, 0.48423754570638167, 0.49229258629610617, 0.5008844687570507, 0.51008